500 1000
300 214 13
428 83 50
485 55 11
293 62 26
227 131 14
497 317 9
130 240 6
188 430 15
166 290 23
414 202 5
69 166 34
207 131 25
59 30 37
92 327 35
276 170 12
190 326 47
132 80 6
142 138 44
8 477 21
61 442 37
132 483 18
143 136 36
466 79 7
13 440 20
403 31 17
350 283 14
246 464 17
52 261 30
6 365 9
474 128 12
49 469 2
140 265 18
128 324 33
27 207 38
171 189 0
275 64 36
150 188 27
218 63 46
129 451 47
337 85 5
298 492 48
399 99 43
65 118 15
286 56 18
81 441 4
169 487 46
376 481 34
100 431 32
113 490 17
51 415 46
227 106 40
192 182 23
164 264 6
361 199 0
172 476 29
184 265 44
220 363 23
134 11 35
122 399 48
372 111 3
376 170 41
468 66 24
50 339 18
129 36 14
299 433 23
454 32 38
238 86 40
96 404 3
401 342 27
106 16 46
144 198 29
342 120 15
168 332 45
286 453 26
492 445 38
355 224 9
181 281 13
332 75 28
230 101 49
387 367 50
257 339 27
434 260 41
270 150 23
335 440 38
126 329 24
41 103 33
163 101 27
285 421 12
273 130 50
104 312 7
366 187 25
333 39 8
368 463 49
429 390 11
39 169 40
393 459 25
443 250 47
144 314 43
267 394 39
63 27 5
343 33 39
65 438 22
119 282 31
131 496 10
30 283 39
262 345 25
313 469 11
287 325 30
467 108 26
336 468 26
87 432 42
400 8 23
298 324 9
341 168 10
259 165 41
26 221 49
33 48 22
267 337 31
52 461 11
170 278 10
60 44 5
334 274 4
194 63 46
442 472 23
313 33 19
166 357 46
11 174 20
282 235 37
287 152 35
130 183 11
94 395 34
461 313 49
60 357 17
375 22 31
103 157 50
169 463 4
312 111 12
458 229 9
401 262 5
31 433 49
476 4 3
1 460 43
323 367 31
196 305 40
131 221 35
445 122 28
254 303 49
469 219 28
43 164 8
360 346 24
206 276 6
162 259 42
378 165 2
0 305 46
473 430 47
257 433 33
165 215 7
380 30 31
125 452 24
110 156 49
20 279 45
75 436 35
441 294 13
317 61 49
398 480 32
328 73 5
244 412 30
102 248 32
290 468 44
408 118 0
368 206 43
400 207 50
85 465 1
318 481 14
465 155 41
48 113 4
249 375 28
154 467 16
202 52 48
101 96 9
152 352 49
304 421 36
262 409 17
297 457 19
457 388 19
244 170 38
236 440 25
318 394 27
58 211 35
202 357 16
417 189 21
295 27 49
373 36 49
17 238 23
76 272 41
361 474 11
11 287 8
174 50 32
8 411 20
428 178 43
366 325 21
427 41 18
288 292 8
390 28 5
10 459 47
86 233 37
265 266 10
85 107 2
7 263 15
395 292 3
385 135 14
442 216 15
427 375 41
134 415 42
20 385 41
499 345 44
356 237 32
178 173 2
246 275 38
262 262 19
251 149 27
292 294 4
451 316 37
399 213 46
427 69 35
430 251 4
384 385 50
202 90 13
19 286 49
90 46 22
233 376 6
408 237 6
241 379 19
477 27 29
100 492 13
320 458 5
336 109 16
171 409 13
122 156 40
395 488 41
316 370 25
211 469 7
250 186 44
14 340 21
241 260 9
418 112 50
137 330 43
284 327 46
97 265 12
263 482 32
82 84 33
222 345 23
415 230 35
319 134 19
296 164 14
483 63 19
285 325 17
324 104 5
63 60 8
232 383 17
458 24 47
229 420 39
361 270 50
410 305 41
476 212 40
483 1 15
140 410 26
261 128 28
329 487 40
208 0 28
233 170 29
355 15 45
118 12 2
276 430 6
332 142 35
302 495 29
425 114 7
173 116 45
110 295 45
403 241 21
347 293 13
76 367 35
296 221 33
137 28 28
365 149 41
32 108 0
431 207 33
254 258 42
295 174 4
392 244 33
388 122 1
88 402 48
109 395 3
128 111 26
40 110 28
224 132 28
378 409 28
339 182 27
338 278 39
324 24 28
413 36 6
323 90 19
425 93 1
311 118 26
410 408 32
123 83 23
262 192 31
195 331 1
161 145 50
282 284 35
65 153 45
373 364 11
60 104 22
363 311 33
220 439 40
135 255 40
309 155 30
498 305 34
103 212 21
39 470 20
375 23 26
35 324 12
3 216 8
230 268 28
262 300 3
337 489 32
418 103 46
94 269 38
165 226 17
84 341 8
462 240 38
134 400 16
210 325 36
226 461 19
91 495 21
411 409 39
37 389 0
162 490 30
322 278 49
404 80 22
147 368 40
342 227 41
252 307 26
126 302 50
23 67 13
488 429 21
240 40 25
260 78 11
179 237 27
396 98 14
435 221 30
200 447 23
329 81 42
80 58 33
429 337 14
381 380 31
265 396 15
427 499 45
442 137 38
351 433 20
474 127 12
285 320 18
437 27 30
447 250 29
358 392 33
19 17 14
158 421 18
228 197 39
80 150 32
260 134 6
204 319 22
404 381 34
386 149 47
445 360 30
435 47 49
400 40 49
412 236 23
191 320 20
155 446 1
91 472 8
350 189 14
484 343 47
352 100 37
42 168 49
139 289 42
387 430 17
279 305 32
330 287 48
233 241 50
240 384 11
190 20 28
127 128 41
64 46 40
99 32 4
300 238 7
57 267 34
239 186 0
359 52 24
253 135 42
127 17 33
421 314 21
178 430 11
303 485 19
222 238 25
318 131 46
343 136 38
354 392 15
293 33 2
228 343 24
236 235 0
36 362 8
224 50 23
204 400 14
154 62 38
370 472 40
69 83 49
251 235 14
116 2 50
461 185 34
284 363 39
25 111 50
353 237 27
224 368 15
241 114 10
493 421 19
304 335 28
15 482 42
66 424 7
248 462 9
454 451 35
327 89 18
240 410 0
305 125 37
371 340 4
415 192 4
60 85 33
228 88 4
266 346 45
408 308 0
380 480 34
67 464 3
484 272 11
401 131 4
130 266 1
201 36 4
23 140 11
415 451 19
119 280 46
182 147 33
402 305 15
63 81 22
195 425 36
62 482 7
28 8 26
359 280 38
469 389 11
11 126 47
111 78 21
486 177 15
226 29 18
89 41 12
252 276 42
321 225 27
52 335 13
290 83 3
182 160 14
104 297 6
405 37 2
269 478 29
307 109 23
197 454 21
477 459 37
472 425 5
42 233 12
414 211 33
351 13 13
74 436 12
296 202 24
168 332 6
83 314 10
228 137 0
467 79 41
395 268 6
440 193 19
111 379 12
429 210 34
103 445 0
255 308 49
406 368 7
399 47 23
258 316 45
261 460 8
101 373 2
301 324 13
491 338 45
390 329 16
371 380 15
260 74 28
18 44 9
4 273 40
327 383 12
491 172 34
468 223 35
17 100 40
48 420 28
418 32 47
201 282 46
147 287 21
143 373 23
303 159 41
188 327 32
287 379 39
338 79 41
13 185 48
3 370 50
111 313 4
450 403 35
439 147 23
420 375 32
62 263 44
299 16 19
280 153 9
110 43 47
56 468 29
470 258 27
405 12 23
57 75 7
178 469 46
154 463 42
277 203 24
75 22 22
460 24 47
424 496 11
206 484 30
448 344 25
312 32 17
73 246 45
224 302 49
180 126 16
184 111 4
363 340 20
231 180 49
134 53 27
247 482 38
412 436 37
26 85 43
256 19 37
408 267 21
94 412 12
43 81 50
305 190 26
94 215 3
26 7 19
456 306 32
192 474 38
353 381 14
352 281 44
193 66 24
19 382 38
427 205 15
42 57 17
76 405 37
207 0 5
395 421 25
288 400 29
5 130 32
200 333 31
194 220 4
241 90 15
143 417 40
202 348 22
45 254 48
363 206 23
402 108 33
483 386 10
140 162 32
406 286 40
312 119 38
434 357 18
131 130 17
393 263 24
50 81 40
445 463 41
310 159 27
445 303 14
408 327 11
181 178 30
98 338 35
14 240 10
294 464 30
341 203 1
482 423 5
49 367 41
447 336 19
449 48 18
436 331 8
245 114 36
283 26 7
38 308 38
230 132 16
415 372 33
138 380 25
28 202 45
73 127 33
318 278 5
128 76 30
231 53 48
56 127 5
201 381 0
426 412 6
459 149 0
7 262 7
232 311 20
361 129 33
84 356 36
174 285 0
400 424 35
355 237 38
484 438 39
63 8 11
81 28 10
422 274 22
364 205 23
69 177 24
413 452 22
329 252 2
451 384 41
375 433 29
153 344 48
99 168 5
133 266 47
218 172 30
148 108 31
295 121 18
374 318 19
54 60 0
16 154 39
410 468 16
392 227 27
286 226 43
346 462 13
251 279 25
304 251 8
45 472 22
2 247 25
75 495 7
411 352 1
66 25 46
496 446 46
429 363 19
218 399 10
383 235 1
207 410 30
326 414 44
356 57 18
76 316 27
439 471 7
490 216 42
133 284 19
259 233 15
110 466 49
328 253 36
56 68 4
116 205 24
421 137 0
406 230 7
404 1 26
398 480 49
169 199 20
356 48 39
438 183 47
257 394 7
370 116 47
470 202 31
189 472 8
130 406 45
431 88 32
498 13 43
62 13 1
14 50 11
456 81 28
442 164 13
58 228 42
263 7 18
380 198 32
478 485 16
37 333 18
117 217 45
316 85 23
333 228 34
425 498 12
50 164 23
373 289 15
467 457 3
337 15 10
329 352 44
379 451 30
220 346 32
191 416 34
197 309 4
446 12 8
422 191 7
462 246 6
244 446 21
419 279 21
349 190 12
58 407 24
115 345 12
410 477 6
329 163 21
345 303 11
465 78 26
190 355 43
168 92 34
205 11 18
312 234 27
35 122 38
201 85 2
289 171 31
276 405 21
10 24 29
222 445 13
226 498 21
292 175 31
177 50 21
328 77 49
255 393 44
213 35 46
275 430 31
281 345 19
24 49 3
498 358 39
140 456 43
107 38 29
57 283 7
433 39 43
391 236 41
253 91 5
427 356 23
485 123 19
101 67 30
142 172 50
218 125 50
434 23 33
450 168 44
249 185 3
88 203 25
313 357 4
233 341 15
143 15 3
49 123 27
62 284 16
63 214 3
276 434 32
280 143 50
110 476 40
392 358 25
318 287 32
44 144 43
407 327 41
70 132 35
396 282 40
211 37 39
444 66 14
355 224 49
130 99 40
336 370 7
480 492 22
190 277 40
235 108 43
498 298 25
46 404 32
63 201 32
448 476 26
39 143 15
424 256 12
170 180 20
175 192 36
194 446 30
165 76 21
74 401 21
198 459 32
294 46 20
284 333 12
60 450 33
292 206 18
478 235 23
161 310 39
302 495 17
393 288 34
162 84 17
420 176 50
18 160 3
184 296 43
341 160 13
442 373 40
1 128 49
384 462 4
205 474 13
54 48 3
295 290 5
295 195 39
53 21 16
404 123 49
190 14 34
116 165 22
11 435 39
32 385 17
128 417 6
197 377 38
393 123 36
196 334 25
26 141 39
194 138 5
323 31 4
345 1 3
62 203 14
265 390 36
173 427 18
155 420 43
302 306 50
29 497 3
389 396 8
118 349 36
493 331 17
361 390 41
442 62 33
350 17 15
114 213 9
392 263 44
151 478 20
72 234 48
92 111 12
468 224 36
232 398 46
397 426 0
284 231 33
152 322 23
44 425 25
338 5 45
315 64 20
164 314 46
159 360 40
29 301 34
211 68 3
102 86 11
130 465 16
50 320 18
6 130 15
38 491 32
65 297 6
431 295 29
393 88 1
432 424 7
67 129 49
149 112 21
26 53 26
460 62 32
451 58 41
334 30 23
328 315 45
349 391 0
57 383 21
330 485 42
174 51 37
368 393 20
399 72 42
258 298 38
85 312 46
99 361 49
357 148 49
209 270 19
232 499 41
497 179 20
463 65 31
67 6 11
163 32 31
77 417 3
208 103 1
470 284 35
31 446 40
432 199 28
175 62 30
32 106 24
432 250 1
42 441 17
24 7 8
5 0 41
207 77 6
162 77 25
67 43 50
374 317 29
139 128 33
232 250 35
237 17 47
87 122 8
342 428 41
159 185 10
239 175 10
248 481 21
107 224 18
436 286 22
125 235 50
379 15 30
140 494 11
385 134 24
149 425 30
35 99 38
240 354 16
270 369 40
134 222 17
46 385 43
28 84 43
161 10 21
109 352 18
348 321 7
464 400 27
64 421 9
453 79 18
467 292 42
94 307 12
79 191 1
127 478 2
84 81 22
476 4 10
459 72 30
240 344 31
44 58 28
464 264 17
120 461 38
470 269 27
70 485 37
125 222 20
217 284 27
400 11 46
270 145 45
284 108 29
238 23 28
21 106 38
249 368 3
137 312 25
330 192 34
247 205 3
226 151 46
379 463 35
308 42 45
316 88 44
91 91 21
156 278 41
26 229 44
343 238 30
476 313 27
21 100 50
286 360 26
346 258 39
14 335 10
28 232 18
289 49 13
476 426 13
269 384 25
209 360 48
194 329 46
473 236 28
406 356 29
320 485 32
243 233 5
72 291 3
296 279 1
242 215 46
217 180 8
155 429 8
59 414 22
218 288 29
60 50 10
13 28 2
349 429 49
17 302 42
334 397 34
341 435 3
320 165 9
317 295 0
246 184 11
455 345 16
71 9 8
290 88 41
240 119 16
483 164 48
475 363 46
211 472 28
166 444 22
45 16 31
37 300 24
384 358 10
182 424 47
355 291 2
243 232 2
47 283 10
206 139 37
349 7 16
412 207 11
